PE = 1.099*275/(0.5949+0.1189*1.5);
%ta网上查到的之后去平均
t = 0.0504*(4.5^3)/PE;
%年均3，4m/s风速
D1 = 1*1*0.9*114*0.52;
D2 = 1*0.9*96*0.52;
D3 = 1*0.9*64*0.52;
D4 = 1*0.9*34*0.52;

E1 = D1*t*10E-4;
E2 = D2*t*10E-4;
E3 = D3*t*10E-4;
E4 = D4*t*10E-4;

W = E1*5468.99*10E6+E2*4911.13*10E6+E3*4911*10E6+E4*10608.96*10E6;

Q=156389.65;
m = Q/(0.4349*W-83.22*(4.9*10E4));