%青海，陕西，甘肃，西藏，宁夏，内蒙，吉林，新疆
P = [380,600,300,400,200,220,550,154];
Ta = [(-5.1+9)/2,13.7,7.5,10,(5+9)/2,8,4,17/2];
u = [0,1.94,5.75,0,4.5,6.5,(1.6+7.9)/2,5];
A = [11656278,1173364,5300449,910003,825340,4949168,698449,52035232];

PE = 1.099.*P/(0.5949+0.1189.*Ta);
%ta网上查到的之后去平均
t = 0.0504*(u.^3)/PE;
%年均3，4m/s风速
D1 = 1*1*0.9*114*0.52;
D2 = 1*0.9*96*0.52;
D3 = 1*0.9*64*0.52;
D4 = 1*0.9*34*0.52;

D = 1*0.9*0.52*(114+96+64+34)/4;

E1 = D1*t*10E-4;
E2 = D2*t*10E-4;
E3 = D3*t*10E-4;
E4 = D4*t*10E-4;

E = D*t*10E-4;

W = E.*A;